0000001000000000000010000000000000000000001001000000000000000000000000000000000000000000000000000000000100000000000000000101000000
0000000000000000000000000000000001000001000000000000100000000000000000000000000000000000000001000000000000000000000000000000000100
0000000000000000001010000010000000010100010000010000000000000010000000000000000100100000000000000000000000000000000000010010000000
0100001000000000000000000000010000022222222222222222222222222222222222222222222222222222222222222222222210000001000000000000000000
0000000000000010000000000000000001021000000000000000000000000000000000000000000001000001000010000000001200000000000000000000000000
0000000000000010000000100010000012222222222222222222222222222222222222222222222222222222222222222222210200000000000000000100000000
0000000000000000000000000000000002020000000000000000100000000000010000000000000000000000000000000000201200000000000010000000010000
0000000000000000000000000010000102020000000000000001100000000000001010000000000000000000000000000000200200000000010000000000000000
0000000000000001000000010000000002020000000000000000000000000000000000000010000100000000000000100110200211000000000000000001000000
0000100000000000010000000110000002020000000100000010000000001010000000100010000000000000000000000100211200000000000000000000000000
1000000000000000000000000000000002020000001000000010000010000000000000000000000100000000010000001000200200000000000000000000000000
0000000100000001000000001000000102020000000000000000000100000000001000010110000000001000000100000000200200000000010100000000000000
0000000000100000000000000000000012020000000000000010000000000000000000022222222222222222222222222222222222222222222100000000000000
0000000000000000000000000000000002020000000100000000000000000000000000020000010000000000001000000000200200000000002000000000000100
0000000000000000000001000001000002020010000000000000000000000000000000020000000000000000001110000000210200000000002000000000000000
0000010000000000000100001002222222222222222222222222222222101000000000020110010000000000002222222222222222222222222210000000000000
0000000010000100000000000002000102020000000000000010000002000000000000020000000100010100002000000001200200000000002200000000000000
0000000000000000000000000002000002020000000001000001000002000000000000020000000000000100002000000000200200000000002200000000000000
0000000000000000000000101002000002020000000010001002222222222222222222222222100001001000002000000100200200000000002200000000000000
0000000100010000000000000102000002020000001000000002000002010000000000020002000000000000002000000000200200010000002200010000000000
0000000000001000000000000002000002020000012222222222222222222222222222222222222222222222102000000000200200000001002200000000000010
0000001000000000000000000002000002020000002000000002010002001000000000020002000000000002002000100000200200000000002200000000000001
0000000000000000100000000002000002020000002000001002000002002222222222222222222222222222222222222222222222222222222222100000010000
1000010000000000000110000002000002020000002000000002000102002001000000020002000000000002002000100001200200000000002202000000000000
0000000000010000000000000002001002021000002000000002000002002000000000021002000000100002002000000000200200000000002202000000100000
0000010000000000000000000002001012020000002000101002000002002000000000021002000001222222222222222222222222222222222222210000000010
0000000000000000000000000002000002020000002000222222222222222222222222222222222222222222222222222221200200000000002202200000000000
0000001000000000000000000002000002122222222222222222222222222222222222222222000000200012002000000020200200000000002202200001100010
1001000000000000000100000102000002000000002000200002001002002000000000020001000000200002002000010020200200000001002202200000000000
0000000100000000010000001102000002000000002000200002000002002000000001020000000000200002002001000020200200000000002202200000000000
0000000000000000000000002222222222222222222222222222222222222222222222222222222221200002002000000020201200000000102202200000000000
0000000000000000000000002002000012222222222222222222222222002000000000020000010020200002002010000020200200000000002202200000010000
0000000000000000000000002002010000000000002100200002000001002010000000020001010020201002002000000120200200000000002202200000010000
0000000000000000000000002002000000001000012000200002011000002000000000020000022222222222222222222222222222222222212202200000000000
0000000100000000000000002002000000002222222222222222222222222222222222222222222222222222222221000020200200000000202202200000010000
0100001000000000000000102002000000002000002100200002000000002000000000021000020020200002102020000020200200000100202202200000000100
0000000000000000000000002002000000002010102001200012000000002000000000020000020020200002002020000020200200100000202202200000001000
0000000000000000000010002012000000002000002000200002000001002000000000020000021020200002002020000020200200000000202202200010000000
0000000000000000000000002002000000002000002000200002000002222222222222222222222222222222222222210020200201000000202202200000000000
0000000001000000000000102002000000002000002000200002000002002000000000020000020020200002002020200020200200000000202202200000000000
0000100100000100000000002002000010002000002100200002010002002000001100122222222222222222222222222222200200000000202202200000000000
0000100000000000000000002002000000002010002000200002022222222222222222222222222222222222222222221020100200000001202202200000000000
0000000000000000000110002012000010102010002000200002020002002000000001000000020120200012002021220020000200100000202202200000000000
0000000000000000010022212002100000002022222222222222222222222222222222222222222222222222222222222222222222222221202202200000001000
0000010000000000001020202002222222222222222222222222222222222222222222222221020020200102002020220020100200001020202202200000000000
0000000000010000000020202002200000002020002000200002020002002000000000010021020020200002002020220020000200100020202202201000000001
0000000000001000010020202002200001002021002000200002020002002000000000022222222222222222222222222222222222210020202202200000000000
0000100000000000000020202002210000002020102000200002020002002000000000120020120020200002002020220020000200200120202202200000000000
1000000000000100000020202002201000012222222222222222222222222222222222222222222222222222222222220020000200200020202202200000000000
0000000110000000000120202002202222222222222222222222222222222222222222222222222222221002002020120020000200200020202202200000011000
0000000000100000000020202002202000000020002000201002020002002000001000020020120020220002002020020020000200200020202202200000010100
0000000010000000000020202002212000000020002001210002020002002000010010020020020020220012002020020020001201200020202202200000000001
0000000000000000000020202002202010000020002000200002020002002011000000020120020021220002002021020020000200200020202202200000000000
0000010000000010000120202002202000010020002000201102020002002000000000020020020020220002002022222222222221200020202202200000000000
0001000000000000000020202002202000100020002000200002020002002000000000020020020020220002002022020020000220200020202202200001000000
0000010000000000000020202002202000222222222222222212020002002001000001020020020120220002002022020020000220200020202202200100000000
0000000000000000000020202002202000200020102000200202020002002000000002222222222121220002012222222222222222222222222222200001010000
0010000001000000000020202002202000201020222222222222222222222222222222222222222222222222222222222222222222222120202202100000001000
0100000101001000000021202002212000200020202000200202020002002000000002020020022020220002000022020020000220202020202202000000000000
0000000222222222222222222222222222222222222222222222222222222221000002021020122222222222222222222222222220202020202202000000000000
0000000200000000001020202002212222222222222222222222222222222220000002020020102020220002000022020020000120202020202202000000000000
0000000200000000002222222222222222222222222222222222222222222210000002020020002120220012000022020020000020212020202202000000000000
0000000200110000002020202102200000200020202000200202020002002200000002020120012020221002000122020020000021202020202202000000000000
0100000210222222212020202002200000200020212222222222222222222222222222222222222222222222222222222222222222222222222222000000010000
0000000200200000202020202102200000200020200000200202020002002200000002020020002020220002000022020020000020202020202201000000010000
0000000200200000202020202002200000200021200000200202020002002200000002020120002020220002000022021020000020202020202200000100101001
0000000200200100202020202002200000200020200000200202020002002210000002020020002120220002000022020020010020202020202200000100000010
0001000200200000202020202102200000200020200100200202020002002200000002020020002020220102010022020020000020202020202200001000000000
0010000200200000202020202002200000200021200000200202021002002200001002020020002020220002000022020020000020202120202200000000000000
0000001222222222222222222222222222222222222222222222222222222222222222222222222222222222222222222222222222222222222200000000000000
0000000011200000202020202002200000200020200000200202021002002200000002020020002020220002000022121020100020202020202110000000000000
0000000001200100202020212002200001200020200001222222222222222222222222222222222222222222222222020020000020202020202000000000000000
0100100000200000202020202002200000200020200000010202020000002200000002020020002020220002000012220020000020202020202100000000010000
0222222222222222222222222212200000200020200000000202020000002200000002020020012020220002000010010020001020212020212000000000100001
0200000000200000202020202202200000200122222222222222222222222222222222222222222220220002000000000020000020202020202000000000010000
0200010000200100202020202202200001200000210000000202020000002200000002020120102010220002000000000020000020202020202000000000100000
0200000001210222222222222222222222222222222222222222222222222222222212020021222221222222222222222222222222222222222000000000000000
0210000000200201202021202202210000200000200000000202020010002200000202020020202020020002010000000020100020202020201000000000000000
0200000000200200202020202202200100201001200100100202020000002210000202020020202020020012000000000020000020202020200000000000000001
0200000000200200202020202202200000200000210000000202020010002200000202122222222222222222222222222222222222222222210000000000000000
0200000000200200202020202212210000200001222222222222222222222222222222222222222222222222222222222222222220202020100000000000000000
0200000100200200202020202202200000200000000001000202020000002200000202100120202120020002001000100020000010202020000000000000000000
0200000000200200202020202202200000200000000002222222222222222222222222222222222222222222222210000020000000202020000000000000100000
0200000000200200202020202202200000200000000002000202020000002200000202000020202020021002000200000020000000202020000000000000000000
0200000010200200202020202212222222222222222222222222222222222222222222222222222222222222000200100020001000202020000000000000000000
0210000100200210202020202201200000200000000012000202120000002200100202000020202020020001000200000020000000202020000000000011000000
0200000000200201202020202200200000200000000002001202020000102200000202000020202020020000100200000020000000202020001000000000000000
0200000000200200202120212222222222222222222222222222222222222222222222222220202120120001000200000020000000202020000000000000001000
0200000000200200202020200211200000200100000002000202020000002200000212000011222020020000100200000020000000202020000000000000000000
0200000000200200202020200200200000200000000002000202020000002200000202000000001020120000000200000020000000202020110100000000000000
1222222222222222202120200200200000200000000002000212222222222222222222222222222222222222222222222222222222222220000000000000000000
0000010000200200102020200200200000200000000002000200020000002200000202000010000020120000000200000020000000202011000000000100000000
0011001001200200002020200200200000201000100012222222222222222222222222222222222222222222222222222222222222212100000000000000000000
0010100000200200002020200200201000200000001000000200020000002200000202000000000020020000001200100020000000102000000000000000000000
0000000000200200002020200200200100200000000000000200021000002200000202000000010120020000000200000020000000002001000000000000000000
0000000100200200002020200200200001200010000000000200020000002200000202000000000020020000010200000020001010002000000000000000000000
0000000000200200012020200201200001222222222222222222222222222222222222222222222222222222222222222220000000002001000000000000000000
0000000000201200002020200200200000000000000000000200020000002200001212000000000020020100000210000010000000002000000001000000000000
0100000000200200012222222222222222222222222222222222222222222222222202000000000020020000000200000000000000002000100000000000000001
0100001000200200000020200200200000000000100100001200020100002200000102000000000020020000000200000000000000002010000000000000000000
1010002222222222222222222222222222222222222222222222222222222222222222222222222222222222222222222222222222222222222210000000000000
0000002010200200000020200201222222222222222222222222222222222200000002000000001020020000000200010100000000002000010200001000000000
0000002010200200000020200200100000000000000000000201020000012100000002000000010020020000000200000000000000002000000200000000000000
0000002000200200010122222200010000100000000000000200020100012000000012001000100020020000000200000000000000002000000200000000000000
0000002000200200022222222100000000000000000000000200020001002000000002000000000020020010000200000000100000002000000200100000000000
0000102000200200020000202000000000000000101000000200020000002000100002000000001020020000110200001000000000002000000200000100000000
0000002000200200021001202100000000100010000100000200120000002000001002000000000120020100000200000000100000002000000200000000100000
0000102001200200120100202000000000000000000000000200020001002100000012222222222222222222222222222222222222222222222200000000001001
0000002000200200020001202000000000000010100110000200020000012222222222222222222222222222222222210000000000002000000101000000000000
0000002000200200020000202001101000000000000000110200020000012222222222222222222222222222222222222222222222222000000100000000000010
0000002000200200122222222222222222222222222222222222222222222222222222222222222220021000010200200001000000001000000000010000000000
0001002000201200000000202000000000000000100000000200021000000200000000001100000010020000000200200000000000000000000000000000000000
0000002000201222222222222222222222222222222222222200020001000200000000001000100000020000000200200000000010000000000000000000000000
0000012000202222222222222222222221000000000000000100020000000210000000000010000000020000000200200000000000000000100001000000000000
0001002000202000000010202000100020000000000000000000120000000200000000000000000000020000000200200000000000001000000000000000100000
0000002000202000000000202000000020000000001000001001020000001222222222222222222222222222222200200000000100000000000000000000000010
0000002010202000000000202001000020000100000000000000020000010000100000001000000000020000000100200000000000000000000000000100000010
0000002001212222222222222222222222222222222222222222222222222222222222222222222222221000000000200000000000000000000001000000010000
0000002000200000000000202010100020000001000000000100020000010000000000000000000000010000000000200000000000000000000000000001000000
0000002001222222222222222222222220000010000000000000120010000010000000000000000000000100000000200000000000000000000000000000100010
0001002000000000000000202000000010000000000000000000122222222222222222222222222222222222222222200000000000000000000000000001000000
0000002000000000000000202000100000000001001001000010000000000000000100000000001000000000000000100000000010000010000000000000000000
1100012222222222222222202000000100000000000100000000000000000100000000000000000000000000000010000000000000000000000000000000000000
0000100000000000000000102000001000000000000100000000100000000000000000000000000000000000000000000000000000000000001000000010000001
0000000000000000000000002000110100000000000000001000000000000000010100000000000000000000000000000000000000000000000000000000000001
0000010100000000000000002000000010000000000000100000000000000000100000010000000000100000000000000000000000001000000000000000000001
0000000000000000000000002000000000000000001000000000000000000000000010000000000000000000000000100000001001000000000010000000000000
0000101000000100000000002000000000000000010000000000000000100010000000001100000000000000010000000000000000001000000000000000000000
0000000000000000000000002000000000000000000000010001010001000100000000001000100000000000000000000000010000001000000000000000000000
0000100000001000000000002000000001000000001000000001000000100000000000000000110000000000000000000100000100010000000000000100000000
